# index,mae,rmse,mape
-434.0000,7.0755,22.5935,0.1114
-433.0000,13.3540,29.3940,0.1963
-432.0000,2.0523,3.5523,0.0727
-431.0000,21.4067,32.8784,0.2075
-430.0000,9.0879,25.2738,0.1146
-429.0000,4.2990,6.5658,0.0779
-428.0000,3.2009,4.9338,0.0713
-427.0000,5.7807,9.8809,0.1120
-426.0000,4.8993,8.6305,0.1120
-425.0000,3.7617,5.1607,0.0705
-424.0000,15.5075,26.5224,0.1702
-423.0000,9.1052,29.0235,0.1206
-422.0000,3.2616,5.8112,0.0718
-421.0000,2.6508,3.9388,0.0501
-420.0000,3.0092,4.8185,0.0724
-419.0000,4.3599,7.0561,0.0945
-418.0000,2.2470,2.6616,0.0660
-417.0000,1.8285,2.1418,0.0682
-416.0000,6.0225,10.9009,0.0925
-415.0000,2.8635,5.1456,0.0711
-414.0000,6.1850,12.9990,0.1157
-413.0000,2.7462,4.9051,0.0944
-412.0000,2.7294,2.9645,0.0762
-411.0000,1.3923,1.8102,0.0355
-410.0000,4.2406,6.3375,0.0615
-409.0000,5.3066,5.9712,0.0764
-408.0000,4.3679,7.2973,0.0600
-407.0000,18.9084,25.0215,0.1856
-406.0000,32.7260,34.5224,0.3231
-405.0000,18.4922,19.5764,0.2134
-404.0000,13.6136,13.6210,0.1670
-403.0000,12.1352,13.6629,0.1468
-402.0000,2.1108,2.3541,0.0431
-401.0000,3.4158,5.0771,0.0671
-400.0000,1.8923,2.1833,0.0682
-399.0000,1.8785,2.3852,0.0610
-398.0000,3.7779,6.8073,0.0746
-397.0000,1.4261,1.7317,0.0422
-396.0000,7.8306,14.3780,0.0989
-395.0000,4.2519,6.5591,0.0635
-394.0000,2.5743,3.0281,0.0690
-393.0000,3.2947,4.2775,0.0652
-392.0000,3.4209,3.7779,0.1150
-391.0000,2.7851,3.5310,0.0828
-390.0000,1.4114,1.6299,0.0597
-389.0000,1.2243,1.4548,0.0421
-388.0000,1.8554,2.4638,0.0595
-387.0000,1.5704,1.8967,0.0597
-386.0000,1.8694,2.3960,0.0720
-385.0000,1.7577,2.1363,0.0519
-384.0000,1.0329,1.3181,0.0340
-383.0000,2.3795,3.1185,0.0479
-382.0000,1.1019,1.2905,0.0283
-381.0000,1.8361,2.2552,0.0960
-380.0000,2.1321,2.6544,0.0639
-379.0000,1.6051,1.9590,0.0504
-378.0000,1.2696,1.4658,0.0373
-377.0000,1.8842,2.3829,0.0426
-376.0000,5.7209,11.5125,0.0878
-375.0000,7.7554,13.7743,0.0956
-374.0000,2.2083,4.3253,0.0390
-373.0000,2.1230,2.7567,0.0641
-372.0000,2.2345,2.6785,0.0808
-371.0000,1.5549,1.8385,0.0637
-370.0000,1.9288,2.4366,0.0651
-369.0000,1.4923,1.9677,0.0430
-368.0000,1.8456,2.3888,0.0489
-367.0000,3.8720,5.9442,0.0869
-366.0000,1.7511,2.8391,0.0406
-365.0000,1.7845,2.1696,0.0534
-364.0000,2.0805,2.5258,0.0752
-363.0000,1.8210,2.1370,0.0580
-362.0000,1.5331,2.2059,0.0473
-361.0000,2.0333,2.5504,0.0768
-360.0000,1.6232,2.1201,0.0459
-359.0000,5.5983,7.9112,0.0945
-358.0000,7.4170,13.0502,0.0891
-357.0000,4.5555,6.0543,0.1592
-356.0000,2.3046,2.5929,0.0755
-355.0000,2.1029,2.3819,0.0972
-354.0000,1.3638,1.7618,0.0826
-353.0000,1.9745,2.3368,0.0618
-352.0000,1.6142,2.0671,0.0413
-351.0000,1.5167,1.7122,0.0397
-350.0000,10.1022,17.1178,0.1231
-349.0000,1.6356,2.0571,0.0559
-348.0000,1.9089,2.5671,0.0601
-347.0000,5.8122,11.1135,0.0847
-346.0000,1.4412,1.7323,0.0423
-345.0000,3.2869,5.0819,0.0836
-344.0000,3.1327,4.1996,0.0902
-343.0000,1.6315,1.9846,0.0478
-342.0000,3.6793,4.9574,0.0689
-341.0000,2.5490,3.1609,0.0860
-340.0000,9.6347,17.5625,0.1120
-339.0000,5.3485,8.3430,0.0851
-338.0000,9.1406,16.8289,0.1030
-337.0000,1.7106,2.5461,0.0379
-336.0000,1.6346,1.9254,0.0516
-335.0000,1.6298,2.0176,0.0605
-334.0000,1.4697,1.8885,0.0660
-333.0000,1.2129,1.6264,0.0674
-332.0000,1.2627,1.5716,0.0775
-331.0000,1.0865,1.3119,0.0742
-330.0000,0.8965,1.0874,0.0896
-329.0000,0.9169,1.0731,0.0840
-328.0000,1.1277,1.4302,0.0688
-327.0000,0.9118,1.0877,0.0526
-326.0000,1.3072,1.5216,0.0662
-325.0000,1.4030,1.6429,0.0583
-324.0000,1.8030,1.9109,0.0547
-323.0000,1.3133,1.5753,0.0369
-322.0000,1.0395,1.3753,0.0281
-321.0000,1.4418,1.7552,0.0599
-320.0000,1.8264,2.3562,0.0905
-319.0000,1.2835,1.5478,0.0463
-318.0000,2.3161,2.9121,0.0845
-317.0000,2.2054,2.4624,0.0597
-316.0000,1.7632,2.1582,0.0526
-315.0000,1.6812,1.9666,0.0714
-314.0000,2.3760,3.2137,0.0523
-313.0000,2.2013,2.6949,0.1580
-312.0000,0.9091,1.0734,0.0537
-311.0000,1.2427,1.6720,0.0865
-310.0000,1.4039,1.7750,0.1057
-309.0000,1.3934,1.6494,0.1003
-308.0000,1.9227,2.4005,0.0838
-307.0000,1.4716,1.7887,0.0542
-306.0000,1.6985,2.0179,0.0485
-305.0000,1.3153,1.5489,0.0297
-304.0000,1.6629,1.8373,0.0541
-303.0000,1.5797,2.2242,0.0920
-302.0000,1.2590,1.6047,0.0550
-301.0000,2.3432,2.7878,0.0632
-300.0000,2.4062,3.8035,0.0501
-299.0000,3.4545,4.4942,0.1278
-298.0000,1.5132,1.9679,0.0698
-297.0000,2.3827,3.1584,0.0969
-296.0000,2.0657,2.4551,0.0961
-295.0000,1.2142,1.5170,0.0781
-294.0000,1.0960,1.3046,0.0865
-293.0000,1.3333,1.8372,0.0582
-292.0000,1.3659,1.7795,0.0912
-291.0000,1.0026,1.2541,0.0733
-290.0000,0.9687,1.2958,0.0580
-289.0000,1.6334,2.0511,0.0796
-288.0000,1.6768,1.9934,0.1085
-287.0000,2.4703,3.2299,0.0740
-286.0000,0.8750,1.0968,0.0377
-285.0000,1.6458,1.8985,0.0510
-284.0000,1.7684,2.1717,0.1359
-283.0000,1.0449,1.3378,0.0774
-282.0000,1.0980,1.3922,0.0740
-281.0000,1.1426,1.3206,0.0940
-280.0000,2.5518,2.9601,0.0886
-279.0000,1.3185,1.4666,0.0540
-278.0000,1.0049,1.1895,0.0360
-277.0000,1.0219,1.5274,0.0691
-276.0000,1.0620,1.2686,0.0759
-275.0000,1.3799,1.5973,0.0902
-274.0000,1.0366,1.3352,0.0591
-273.0000,0.8917,1.0834,0.0679
-272.0000,1.0059,1.2872,0.0746
-271.0000,1.1641,1.3715,0.0792
-270.0000,1.2711,1.4974,0.0805
-269.0000,1.0088,1.2129,0.0875
-268.0000,1.1291,1.3437,0.0820
-267.0000,1.2856,1.5163,0.1041
-266.0000,1.2768,1.5430,0.1159
-265.0000,1.2701,1.6731,0.0936
-264.0000,1.3029,1.5286,0.1105
-263.0000,0.9270,1.1917,0.0716
-262.0000,1.2428,1.5626,0.1007
-261.0000,0.9963,1.3457,0.0754
-260.0000,0.8657,1.1831,0.0634
-259.0000,0.9848,1.2412,0.0713
-258.0000,0.9197,1.1930,0.0797
-257.0000,1.0871,1.3857,0.0688
-256.0000,2.1217,2.6846,0.1378
-255.0000,1.2272,1.5152,0.0586
-254.0000,1.3430,1.7151,0.1147
-253.0000,1.5113,1.9424,0.1030
-252.0000,1.8768,2.3141,0.1182
-251.0000,4.1461,4.6823,0.0892
-250.0000,2.3818,2.8097,0.0944
-249.0000,1.0142,1.2443,0.0490
-248.0000,1.1224,1.3537,0.0626
-247.0000,1.0935,1.3449,0.0520
-246.0000,1.4149,1.7245,0.0991
-245.0000,1.7621,2.1498,0.1261
-244.0000,1.2366,1.4727,0.0693
-243.0000,1.1534,1.4873,0.0942
-242.0000,1.2426,1.5063,0.0717
-241.0000,1.5581,1.9482,0.0719
-240.0000,2.5859,2.9141,0.0668
-239.0000,1.3240,1.4744,0.0462
-238.0000,1.6048,1.9205,0.0580
-237.0000,1.9267,2.5892,0.0836
-236.0000,1.0070,1.2893,0.0404
-235.0000,1.5095,1.9227,0.0900
-234.0000,1.2375,1.4259,0.0923
-233.0000,1.1424,1.3731,0.0940
-232.0000,1.1578,1.4391,0.0728
-231.0000,1.0257,1.2136,0.0982
-230.0000,1.1575,1.3917,0.0989
-229.0000,1.1506,1.3905,0.1048
-228.0000,0.6534,0.7878,0.0797
-227.0000,0.9216,1.1812,0.1439
-226.0000,0.7400,0.9668,0.1249
-225.0000,0.7406,0.8680,0.0854
-224.0000,0.6872,0.8728,0.0870
-223.0000,1.2041,1.5719,0.0794
-222.0000,1.0175,1.2154,0.0656
-221.0000,1.1823,1.3724,0.0815
-220.0000,1.3584,1.6439,0.1104
-219.0000,1.5659,1.9109,0.1210
-218.0000,1.5210,1.8272,0.1978
-217.0000,1.7972,2.0173,0.0934
-216.0000,1.1896,1.4750,0.1038
-215.0000,1.1518,1.5537,0.0647
-214.0000,1.5932,1.8875,0.0787
-213.0000,1.6909,1.9232,0.0857
-212.0000,1.4249,1.6608,0.0698
-211.0000,2.1498,2.4412,0.0920
-210.0000,1.8322,2.4296,0.1078
-209.0000,2.0768,2.5981,0.0699
-208.0000,1.9193,2.4621,0.0878
-207.0000,1.3576,1.7745,0.0677
-206.0000,2.0125,2.3124,0.1062
-205.0000,2.3081,2.7234,0.0877
-204.0000,1.5341,1.8562,0.0691
-203.0000,2.9779,3.5913,0.1435
-202.0000,1.5206,1.9840,0.0767
-201.0000,1.8625,2.2016,0.0721
-200.0000,1.3479,1.8260,0.0883
-199.0000,2.2750,2.7035,0.0787
-198.0000,1.7507,2.3485,0.2784
-197.0000,2.7275,3.0293,0.1396
-196.0000,0.8774,1.1999,0.0610
-195.0000,1.5318,1.8039,0.1088
-194.0000,1.6095,1.8547,0.1008
-193.0000,2.8623,3.1023,0.0935
-192.0000,1.2559,1.8043,0.0679
-191.0000,1.4570,2.0093,0.0944
-190.0000,2.0371,2.4792,0.1653
-189.0000,1.6202,1.9276,0.1296
-188.0000,1.0947,1.4699,0.0515
-187.0000,4.5404,6.4412,0.1038
-186.0000,2.5621,3.1730,0.0802
-185.0000,2.7763,3.7009,0.1068
-184.0000,1.8330,2.2571,0.0798
-183.0000,1.5596,1.8881,0.1201
-182.0000,2.1699,2.4570,0.1243
-181.0000,1.3878,1.7750,0.0947
-180.0000,1.7917,2.1113,0.0743
-179.0000,2.2340,2.5613,0.1174
-178.0000,1.9791,3.2455,0.0619
-177.0000,2.0545,2.6351,0.1905
-176.0000,0.8809,1.1714,0.0693
-175.0000,1.4101,1.7593,0.1138
-174.0000,4.1128,4.8722,0.1040
-173.0000,1.6739,2.1922,0.0476
-172.0000,2.1034,2.6277,0.1292
-171.0000,1.4870,2.1619,0.1747
-170.0000,1.8639,2.1895,0.0890
-169.0000,1.8830,2.0360,0.0633
-168.0000,1.3376,1.8058,0.0865
-167.0000,1.1963,1.5177,0.0848
-166.0000,1.8226,2.7929,0.1008
-165.0000,5.9569,8.7200,0.1252
-164.0000,2.3329,2.7920,0.1648
-163.0000,2.0485,2.4402,0.1090
-162.0000,1.3418,1.5606,0.1192
-161.0000,1.4197,1.6871,0.1154
-160.0000,1.2437,1.4710,0.0696
-159.0000,2.3228,2.5676,0.1713
-158.0000,2.5160,3.8972,0.1622
-157.0000,1.2714,1.5976,0.1447
-156.0000,3.8024,6.5295,0.2805
-155.0000,8.3728,12.3142,0.1379
-154.0000,2.4958,3.1352,0.1574
-153.0000,2.7533,3.3973,0.0962
-152.0000,2.1244,2.5626,0.1583
-151.0000,2.3053,2.8159,0.1227
-150.0000,1.4350,1.7851,0.0842
-149.0000,3.5989,4.3716,0.0772
-148.0000,2.7881,3.1670,0.2682
-147.0000,2.1228,2.9692,0.1319
-146.0000,1.5172,1.9098,0.0634
-145.0000,1.6509,2.3172,0.2100
-144.0000,1.3193,1.8141,0.0677
-143.0000,1.1923,1.4792,0.0874
-142.0000,1.4279,1.7879,0.1468
-141.0000,1.0507,1.3000,0.1441
-140.0000,1.1625,1.3163,0.1047
-139.0000,1.4940,1.8228,0.1136
-138.0000,1.4096,1.6624,0.1030
-137.0000,1.8491,2.2853,0.4196
-136.0000,1.6873,2.1115,0.1437
-135.0000,1.1983,1.3850,0.1069
-134.0000,1.5382,1.7449,0.1041
-133.0000,1.3117,1.7349,0.1383
-132.0000,0.9366,1.2206,0.1205
-131.0000,1.4795,1.7422,0.0894
-130.0000,1.9086,2.2620,0.1109
-129.0000,2.1065,2.5150,0.0822
-128.0000,2.2570,2.6108,0.1584
-127.0000,3.0058,3.9617,0.0901
-126.0000,1.8342,2.3623,0.0946
-125.0000,1.5843,1.8287,0.0746
-124.0000,1.2723,1.6866,0.0806
-123.0000,2.7487,3.4018,0.1066
-122.0000,1.3068,1.4963,0.0741
-121.0000,1.1780,1.4599,0.0605
-120.0000,1.2050,1.6576,0.1009
-119.0000,1.0000,1.2206,0.0576
-118.0000,1.3742,1.6682,0.0552
-117.0000,1.1408,1.4371,0.0668
-116.0000,1.2010,1.3892,0.0664
-115.0000,1.4660,1.8613,0.1092
-114.0000,1.3888,1.6269,0.0858
-113.0000,0.9409,1.2026,0.0736
-112.0000,1.4829,1.7742,0.1037
-111.0000,5.0123,6.1489,0.1082
-110.0000,2.2969,2.8863,0.1481
-109.0000,1.4066,1.8649,0.1213
-108.0000,1.6374,1.8646,0.1062
-107.0000,1.9673,2.5074,0.1073
-106.0000,2.4670,3.9158,0.1173
-105.0000,2.1130,2.4975,0.1543
-104.0000,1.7954,2.1664,0.0723
-103.0000,1.8425,2.3321,0.0917
-102.0000,2.0673,2.3950,0.0873
-101.0000,3.4199,4.6422,0.9126
-100.0000,1.0491,1.2981,0.8942
-99.0000,0.3808,0.4105,0.3386
-98.0000,0.4080,0.5761,0.3095
-97.0000,2.0134,2.3045,0.1230
-96.0000,1.3556,1.6558,0.0973
-95.0000,1.5601,1.8472,0.1630
-94.0000,1.5775,1.9773,0.1479
-93.0000,0.8819,1.0706,0.1399
-92.0000,2.5410,3.1281,0.2049
-91.0000,2.4840,3.7333,0.1079
-90.0000,1.6075,1.8528,0.0701
-89.0000,2.0194,2.5215,0.1731
-88.0000,2.5538,3.0568,0.1075
-87.0000,2.9985,4.6521,0.1158
-86.0000,1.9463,2.3893,0.3077
-85.0000,2.1368,2.4563,0.1711
-84.0000,1.6402,1.9465,0.2157
-83.0000,1.3722,1.6790,0.1480
-82.0000,1.4750,1.7097,0.0914
-81.0000,1.3063,1.4835,0.0935
-80.0000,1.9275,2.2503,0.0792
-79.0000,2.2173,2.6889,0.1471
-78.0000,2.2995,2.8108,0.2913
-77.0000,1.5944,1.9125,0.2648
-76.0000,1.6965,2.2029,0.2154
-75.0000,2.3572,2.8626,0.1767
-74.0000,1.6787,2.1527,0.1733
-73.0000,2.0854,2.3957,0.1717
-72.0000,2.1794,2.6679,0.0818
-71.0000,2.3776,2.9620,0.2731
-70.0000,1.4292,1.8927,0.2209
-69.0000,1.3457,1.5994,0.0869
-68.0000,1.9614,2.3616,0.1921
-67.0000,1.1299,1.2615,0.1132
-66.0000,1.6533,1.8957,0.1815
-65.0000,1.3307,1.5947,0.1715
-64.0000,1.2526,1.4872,0.1262
-63.0000,1.4473,1.7718,0.1337
-62.0000,2.2727,2.5059,0.1559
-61.0000,1.4754,1.7840,0.1028
-60.0000,4.0746,6.1390,0.1469
-59.0000,2.2796,3.0405,0.1438
-58.0000,1.9821,2.2576,0.0632
-57.0000,1.4115,2.0709,0.1071
-56.0000,2.4990,2.8191,0.0710
-55.0000,1.0847,1.2652,0.0402
-54.0000,1.1549,1.6136,0.0583
-53.0000,1.7873,2.1914,0.0977
-52.0000,2.4417,2.9498,0.1672
-51.0000,2.0762,2.5848,0.0947
-50.0000,1.8660,2.7406,0.5098
-49.0000,2.2877,2.7272,0.2992
-48.0000,5.0414,9.0505,0.1292
-47.0000,2.0994,2.3228,0.0654
-46.0000,1.1930,1.3793,0.0331
-45.0000,1.3181,1.6428,0.0422
-44.0000,0.8730,1.2444,0.0409
-43.0000,1.9591,2.9016,0.0946
-42.0000,1.6547,2.0910,0.0513
-41.0000,1.2604,1.7872,0.0574
-40.0000,1.1737,1.5783,0.0618
-39.0000,5.3182,9.1283,0.1067
-38.0000,1.8554,2.3186,0.0660
-37.0000,1.1013,1.4178,0.0536
-36.0000,2.7377,3.4487,0.0794
-35.0000,2.3646,2.7829,0.1092
-34.0000,3.5164,5.7753,0.0769
-33.0000,2.6646,3.1092,0.1336
-32.0000,2.6739,3.1117,0.1250
-31.0000,2.0980,2.6693,0.1517
-30.0000,6.1485,7.6598,0.1191
-29.0000,2.5650,3.1128,0.1453
-28.0000,4.8896,8.9378,0.1040
-27.0000,1.5120,1.7378,0.0541
-26.0000,1.5327,2.1295,0.0650
-25.0000,1.5746,2.2982,0.0563
-24.0000,2.2958,3.6464,0.0567
-23.0000,2.0605,2.5825,0.1130
-22.0000,1.6898,2.0467,0.0866
-21.0000,1.7900,2.3370,0.0796
-20.0000,2.3141,3.4145,0.6386
-19.0000,1.4456,1.8398,0.0747
-18.0000,1.9776,2.4095,0.0979
-17.0000,1.2251,1.3865,0.0471
-16.0000,2.3227,2.9649,0.0551
-15.0000,1.8703,2.2367,0.0866
-14.0000,2.4290,2.5778,0.0892
-13.0000,1.8252,2.3653,0.0665
-12.0000,1.6848,1.9511,0.0594
-11.0000,1.7565,2.2721,0.0585
-10.0000,2.9681,4.4708,0.0626
-9.0000,2.2641,2.6991,0.0866
-8.0000,2.0724,2.8259,0.0526
-7.0000,2.6221,3.2909,0.1735
-6.0000,3.0994,3.9875,0.1073
-5.0000,2.0630,2.5868,0.0562
-4.0000,2.2702,2.8359,0.1383
-3.0000,1.6715,2.0257,0.1076
-2.0000,1.1632,1.6952,0.1081
-1.0000,1.1585,1.4934,0.0760
0.0000,1.2838,1.6252,0.1117
1.0000,1.4080,1.7374,0.1518
2.0000,2.1798,2.5074,0.1018
3.0000,9.9804,12.8777,0.2154
4.0000,1.6476,1.9704,0.0920
5.0000,1.4333,1.7912,0.0753
6.0000,4.1362,6.4619,0.0869
7.0000,2.1258,2.7159,0.0789
8.0000,3.3709,5.7291,0.0911
9.0000,3.3693,5.8536,0.1030
10.0000,1.3870,1.7349,0.0807
11.0000,1.3193,1.6304,0.0895
12.0000,1.9508,2.3286,0.0838
13.0000,1.5204,1.8513,0.0559
14.0000,1.4038,1.7312,0.0656
15.0000,1.5545,1.8450,0.0661
16.0000,1.9709,2.3843,0.1089
17.0000,2.3353,2.9131,0.0744
18.0000,4.1507,5.2265,0.0959
19.0000,1.9330,2.5043,0.0700
20.0000,3.6332,4.9794,0.1621
21.0000,1.8921,2.4691,0.0537
22.0000,1.5571,1.9431,0.0863
23.0000,2.7564,3.7334,0.0669
24.0000,4.7142,9.5750,0.0704
25.0000,4.2882,5.8875,0.0939
26.0000,4.4854,8.3866,0.0738
27.0000,1.7994,2.3509,0.0725
28.0000,1.2579,1.5573,0.0547
29.0000,5.2818,6.6143,0.0899
30.0000,30.6216,38.1543,0.2761
31.0000,3.5411,4.6295,0.0875
32.0000,2.1722,2.5136,0.0750
33.0000,0.9765,1.3208,0.0274
34.0000,1.7634,2.2954,0.0905
35.0000,2.7922,3.7410,0.0636
36.0000,3.8343,5.6159,0.0731
37.0000,5.0935,9.3150,0.0791
38.0000,3.2999,4.5569,0.0825
39.0000,2.0367,2.3960,0.0527
40.0000,4.2296,6.7907,0.0637
41.0000,8.1455,17.5504,0.0948
42.0000,6.1190,10.9561,0.1165
43.0000,2.2930,2.7882,0.0633
44.0000,2.0834,3.0071,0.0497
45.0000,2.7399,4.2176,0.0642
46.0000,2.4601,3.3496,0.0623
47.0000,7.0762,13.6368,0.0980
48.0000,2.8217,4.0015,0.0671
49.0000,3.2581,5.1389,0.0845
50.0000,1.2671,1.4907,0.0431
51.0000,2.4398,3.0168,0.2117
52.0000,1.9128,2.3219,0.1446
53.0000,1.7687,2.1805,0.1175
54.0000,1.5611,1.8329,0.0793
55.0000,1.0658,1.3257,0.0691
56.0000,1.0663,1.2877,0.0494
57.0000,1.8785,2.7099,0.1521
58.0000,1.4095,1.6324,0.1050
59.0000,2.3932,2.6602,0.0856
60.0000,1.8742,2.4932,0.0719
61.0000,1.4589,1.6050,0.0486
62.0000,1.3098,1.5343,0.0382
63.0000,1.2706,1.6545,0.0554
64.0000,2.1141,2.7237,0.0730
65.0000,1.3749,1.7472,0.0652
66.0000,1.5918,1.9735,0.0845
67.0000,1.5291,2.0483,0.0987
68.0000,2.0543,2.5318,0.0596
69.0000,2.1622,2.8252,0.1604
70.0000,1.7459,1.9941,0.1639
71.0000,1.3716,1.5987,0.0829
72.0000,1.7488,1.9819,0.1015
73.0000,1.9266,2.1909,0.1029
74.0000,1.2269,1.4824,0.0962
75.0000,1.7334,1.9708,0.1046
76.0000,1.1071,1.3419,0.0613
77.0000,2.5831,3.6247,0.0785
78.0000,2.0044,2.3684,0.0705
79.0000,1.5636,2.0099,0.0537
80.0000,1.0798,1.3885,0.0450
81.0000,1.1319,1.3728,0.0530
82.0000,3.9624,7.7918,0.0872
83.0000,2.2355,3.3271,0.0571
84.0000,1.8306,2.3918,0.0532
85.0000,1.1312,1.3093,0.0440
86.0000,1.4316,1.7992,0.0815
87.0000,1.1406,1.3536,0.0697
88.0000,1.6822,1.8634,0.1121
89.0000,1.1946,1.3752,0.1146
90.0000,1.6031,1.9544,0.1169
91.0000,1.9262,2.1909,0.1132
92.0000,2.3804,3.0231,0.0652
93.0000,1.0522,1.6729,0.0521
94.0000,1.7856,2.4701,0.1693
95.0000,1.0460,1.2410,0.0585
96.0000,1.8349,2.2662,0.1462
97.0000,1.6983,2.1328,0.1179
98.0000,1.3602,1.5359,0.0987
99.0000,1.8543,2.4329,0.1320
100.0000,1.6856,2.0034,0.0812
101.0000,1.3317,1.7659,0.0817
102.0000,1.4661,1.7514,0.0638
103.0000,1.6417,1.8748,0.0765
104.0000,1.6615,2.0807,0.1593
105.0000,3.1373,3.7441,0.1264
106.0000,1.2257,1.4608,0.0504
107.0000,1.9081,2.2450,0.0545
108.0000,1.4878,1.7670,0.0486
109.0000,2.0177,2.5827,0.0510
110.0000,1.9171,3.7195,0.0467
111.0000,1.7297,2.1516,0.0754
112.0000,1.6630,2.3058,0.0968
113.0000,1.2119,1.4700,0.0658
114.0000,1.7009,1.9818,0.1233
115.0000,2.6702,3.4008,0.3050
116.0000,2.0934,2.8337,0.1459
117.0000,2.1142,2.4603,0.0879
118.0000,1.6224,1.9986,0.0826
119.0000,1.2960,1.5868,0.0657
120.0000,1.3822,1.5162,0.0817
121.0000,1.7261,2.7984,0.5213
122.0000,1.5493,1.9725,0.0948
123.0000,2.8444,3.6247,0.1504
124.0000,1.8256,2.5589,0.1503
125.0000,1.2776,1.7520,0.1139
126.0000,1.5852,2.1238,0.3826
127.0000,1.3174,1.7351,0.0909
128.0000,1.6492,2.1549,0.1196
129.0000,2.0120,2.2587,0.0951
130.0000,1.4598,2.2407,0.1054
131.0000,1.8771,2.5927,0.5109
132.0000,1.3021,1.6273,0.0779
133.0000,2.2188,2.6749,0.3030
134.0000,2.5176,3.0670,0.1662
135.0000,1.4298,1.9429,0.0874
136.0000,1.2686,1.7026,0.0981
137.0000,2.4484,2.6742,0.0895
138.0000,2.5606,3.4183,0.0711
139.0000,2.8286,3.8468,0.6772
140.0000,1.5763,2.4593,0.4716
141.0000,1.3428,1.7151,0.1348
142.0000,1.7529,2.0116,0.1873
143.0000,1.8698,2.5800,0.1678
144.0000,1.7202,2.1051,0.3099
145.0000,1.2826,1.5954,0.0911
146.0000,6.5662,8.9760,0.1774
147.0000,2.4031,2.8318,0.3570
148.0000,1.5578,1.9372,0.1257
149.0000,2.9763,3.5823,0.1238
150.0000,2.0667,2.4830,0.2284
151.0000,1.6972,2.2403,0.1655
152.0000,2.4822,3.0917,0.2108
153.0000,1.9457,2.8836,0.5125
154.0000,1.7441,2.1726,0.1477
155.0000,2.5764,3.0078,0.1369
156.0000,2.1579,3.0580,0.5905
157.0000,2.9934,3.6779,0.3221
158.0000,1.7616,2.6432,0.2210
159.0000,0.9531,1.1620,0.0815
160.0000,0.8719,1.2536,0.0836
161.0000,1.4327,1.6878,0.0822
162.0000,1.3665,1.6514,0.0734
163.0000,1.6349,2.1335,0.1178
164.0000,2.4478,3.3651,0.0890
165.0000,1.2797,1.6298,0.0775
166.0000,1.3364,1.5101,0.0779
167.0000,2.3667,4.0014,0.1543
168.0000,1.4821,1.8487,0.2001
169.0000,1.7259,2.3951,0.4521
170.0000,3.5999,4.5163,0.1799
171.0000,1.5706,1.9606,0.1221
172.0000,1.6933,2.0919,0.2055
173.0000,1.4746,1.9543,0.1799
174.0000,1.5082,2.1121,0.3632
175.0000,1.6786,2.0193,0.1269
176.0000,1.4743,1.7285,0.1239
177.0000,1.2918,1.6940,0.0702
178.0000,2.8569,3.8432,0.1033
179.0000,1.5443,1.7805,0.0781
180.0000,2.2854,3.5339,0.1051
181.0000,2.1420,2.7715,0.2920
182.0000,1.5107,2.1007,0.4123
183.0000,1.6771,2.3593,0.1007
184.0000,1.2459,1.6270,0.0930
185.0000,2.1032,2.5564,0.0995
186.0000,1.2952,1.5819,0.0863
187.0000,1.1068,1.5536,0.0814
188.0000,1.2846,2.0035,0.2307
189.0000,1.2252,1.5499,0.1076
190.0000,1.5298,1.8396,0.0855
191.0000,1.5112,1.8344,0.0910
192.0000,1.3131,1.6027,0.1044
193.0000,1.3119,1.9400,0.1888
194.0000,1.6091,1.9024,0.0727
195.0000,1.6635,2.4970,0.0947
196.0000,1.7234,2.4239,0.1682
197.0000,2.1599,2.8525,0.1944
198.0000,1.3708,1.7369,0.1768
199.0000,1.0515,1.2760,0.0835
200.0000,1.3726,1.7899,0.3436
201.0000,0.8740,1.1381,0.1485
202.0000,0.8510,1.1182,0.0918
203.0000,1.4453,1.8428,0.0915
204.0000,3.1524,3.4806,0.1768
205.0000,1.9554,2.2895,0.1399
206.0000,2.0013,3.0537,0.2608
207.0000,1.6603,2.1537,0.3484
208.0000,1.5534,1.9847,0.1213
209.0000,1.3859,1.6553,0.1362
210.0000,1.8102,2.0815,0.1884
211.0000,1.8781,2.3360,0.1891
212.0000,1.1644,1.3580,0.1491
213.0000,1.3556,1.6885,0.1546
214.0000,1.8193,2.3080,0.1405
215.0000,1.5490,2.3155,0.4453
216.0000,1.4583,1.7607,0.2700
217.0000,1.0531,1.3986,0.1321
218.0000,0.7697,0.9158,0.1103
219.0000,1.5374,2.0123,0.1864
220.0000,1.2282,1.7511,0.3794
221.0000,0.8442,1.0950,0.1438
222.0000,1.4765,2.1367,0.3911
223.0000,1.0831,1.2618,0.1085
224.0000,1.3823,2.0848,0.5727
225.0000,1.3218,1.7707,0.1379
226.0000,1.2425,1.6195,0.1726
227.0000,0.9006,1.1362,0.1144
228.0000,1.4643,1.6407,0.1207
229.0000,2.3890,2.6782,0.3000
230.0000,1.0372,1.4678,0.1341
231.0000,0.8531,1.0875,0.0833
232.0000,1.3848,1.6184,0.1769
233.0000,1.5112,1.9237,0.2296
234.0000,1.6161,2.0364,0.1640
235.0000,1.2769,1.5953,0.1200
236.0000,1.2097,1.5513,0.1128
237.0000,2.6588,3.9000,0.1492
238.0000,4.8082,6.1912,0.2049
239.0000,2.6016,3.2211,0.2417
240.0000,1.7349,2.1529,0.2013
241.0000,1.9644,2.4059,0.4094
242.0000,2.1831,2.5232,0.1013
243.0000,1.8082,2.1195,0.1010
244.0000,1.7588,2.0381,0.2179
245.0000,1.3025,1.6390,0.0925
246.0000,1.5314,2.0525,0.2159
247.0000,1.3654,1.5585,0.3727
248.0000,1.3506,1.8123,0.3077
249.0000,1.8425,2.2850,0.1441
250.0000,2.0606,2.5400,0.4233
251.0000,1.1832,1.4340,0.0934
252.0000,1.8598,2.2118,0.2207
253.0000,1.8994,2.5573,0.4829
254.0000,2.0447,2.5315,0.6996
255.0000,1.4788,2.0708,0.4194
256.0000,1.2204,1.4658,0.2041
257.0000,0.8702,1.2242,0.1222
258.0000,1.5087,1.8870,0.3132
259.0000,1.6974,2.3995,0.4287
260.0000,1.2288,1.5395,0.1614
261.0000,1.3990,1.7945,0.4336
262.0000,1.1662,1.4939,0.2755
263.0000,1.0006,1.3255,0.1346
264.0000,1.3632,1.8806,0.2222
265.0000,1.3904,1.9270,0.1873
266.0000,1.3739,1.8879,0.3665
267.0000,1.0474,1.3990,0.2255
268.0000,1.3084,1.6566,0.3212
269.0000,1.6171,2.0285,0.2104
270.0000,2.1681,2.6682,0.1660
271.0000,1.9096,2.6078,0.2728
272.0000,1.9610,2.9166,0.6168
273.0000,1.3933,1.8249,0.3768
274.0000,1.2704,1.7519,0.3159
275.0000,1.4478,2.0288,0.3658
276.0000,1.6603,1.8989,0.1978
277.0000,1.5985,2.3542,0.2547
278.0000,1.1835,1.5416,0.1213
279.0000,2.6704,3.3034,0.4505
280.0000,1.2731,1.4152,0.0921
281.0000,1.9242,2.2044,0.1108
282.0000,1.8257,2.2628,0.1913
283.0000,1.6832,2.0828,0.2016
284.0000,2.3651,3.2947,0.3204
285.0000,2.0551,2.7722,0.1760
286.0000,2.1752,3.0502,0.2217
287.0000,2.7768,3.2103,0.1401
288.0000,2.1498,2.5901,0.1342
289.0000,3.0222,3.8242,0.4707
290.0000,2.9810,6.6380,0.1559
291.0000,2.3322,4.7458,0.2076
292.0000,1.0845,1.3576,0.1106
293.0000,2.9584,3.0915,0.1560
294.0000,1.6679,2.8838,0.0877
295.0000,2.4117,2.6853,0.0929
296.0000,2.2678,3.3523,0.1651
297.0000,1.5406,1.9107,0.0835
298.0000,1.0573,1.2611,0.0624
299.0000,2.4495,2.7568,0.0956
300.0000,1.7458,2.2736,0.1265
301.0000,1.6791,1.9898,0.1805
302.0000,2.1790,2.4760,0.0915
303.0000,1.1225,1.4418,0.0688
304.0000,2.8437,3.9225,0.0870
305.0000,2.2031,2.8702,0.4278
306.0000,1.2854,1.4022,0.0976
307.0000,2.6657,2.6696,0.0948
308.0000,1.9488,2.2066,0.0737
309.0000,2.5063,4.0238,0.4604
310.0000,2.5607,3.1737,0.1566
311.0000,1.9650,2.5600,0.2510
312.0000,3.6920,4.4980,0.1000
313.0000,2.4734,3.0729,0.1150
314.0000,2.5962,3.1704,0.2249
315.0000,1.5154,1.9184,0.1020
316.0000,2.9262,5.0956,0.0992
317.0000,2.3656,2.7080,0.1377
318.0000,1.4764,1.8638,0.0610
319.0000,1.8793,2.4813,0.1226
320.0000,3.1312,3.6733,0.1332
321.0000,1.5456,1.9810,0.0610
322.0000,3.9556,10.6791,0.0734
323.0000,3.8856,5.3258,0.1282
324.0000,3.7940,7.6948,0.0785
325.0000,2.3037,3.6296,0.2334
326.0000,2.9799,3.4198,0.0904
327.0000,2.0876,3.2547,0.1182
328.0000,1.1726,1.3485,0.0414
329.0000,1.7378,2.2374,0.0872
330.0000,2.4196,3.1741,0.1428
331.0000,1.8747,2.2167,0.1159
332.0000,2.4218,2.8301,0.1530
333.0000,2.2723,3.0836,0.3930
334.0000,2.6783,3.2948,0.0930
335.0000,2.1018,2.3618,0.0553
336.0000,1.0459,1.4522,0.0377
337.0000,1.1933,1.3196,0.0368
338.0000,1.5210,1.9088,0.0557
339.0000,2.0045,2.3398,0.0633
340.0000,1.5341,2.1008,0.0613
341.0000,3.7501,5.3707,0.0720
342.0000,1.6628,2.2205,0.0549
343.0000,1.2652,1.4724,0.0468
344.0000,7.0449,12.4218,0.1353
345.0000,2.8206,3.4879,0.0531
346.0000,2.8294,3.9744,0.1902
347.0000,2.2936,2.6611,0.1026
348.0000,3.0845,5.2576,0.0732
349.0000,2.0552,2.6802,0.0998
350.0000,1.7924,2.3051,0.0551
351.0000,1.6068,2.2009,0.0587
352.0000,1.1970,1.3586,0.0501
353.0000,1.6885,1.6921,0.0545
354.0000,1.8308,2.2926,0.1196
355.0000,1.6432,2.0578,0.0616
356.0000,1.7482,2.0980,0.0872
357.0000,2.9946,3.7188,0.0845
358.0000,2.1402,2.7692,0.0688
359.0000,1.8959,2.2317,0.0505
360.0000,2.4507,3.4550,0.0785
361.0000,1.8573,2.6314,0.0929
362.0000,2.9318,5.4269,0.0841
363.0000,1.9169,2.4515,0.1692
364.0000,1.7133,2.3797,0.1519
365.0000,1.6540,1.8692,0.0619
