# index,mae,rmse,mape
2.0000,2.1171,2.5680,0.0894
3.0000,2.3747,2.7307,0.0814
4.0000,2.0675,2.2386,0.0810
5.0000,1.8509,2.1351,0.0757
6.0000,1.9672,2.3615,0.1073
7.0000,2.5910,3.0579,0.0938
8.0000,4.1917,5.3654,0.0831
9.0000,2.5608,3.1802,0.0854
10.0000,3.7908,4.7153,0.1585
11.0000,1.7515,2.2670,0.0500
12.0000,1.5663,1.9448,0.0853
13.0000,3.9530,4.7578,0.0922
14.0000,5.3356,9.6505,0.0951
15.0000,3.7829,5.8771,0.0716
16.0000,5.0526,8.4478,0.0818
17.0000,1.7110,2.1987,0.0738
18.0000,1.6594,2.0226,0.0591
19.0000,10.2664,14.0702,0.1367
20.0000,25.5713,34.3743,0.2571
21.0000,2.4471,3.2649,0.0519
22.0000,2.0869,2.4369,0.0707
23.0000,1.1141,1.3651,0.0349
24.0000,2.5474,2.9493,0.1044
25.0000,3.1573,4.0947,0.0749
26.0000,4.1865,5.7710,0.0816
27.0000,5.0792,9.1555,0.0779
28.0000,3.8009,4.9476,0.0869
29.0000,1.6011,2.4092,0.0378
30.0000,5.0046,7.1151,0.0786
31.0000,7.7679,17.3134,0.1000
32.0000,6.0314,10.8118,0.1050
33.0000,2.3830,3.0721,0.0595
34.0000,3.1071,4.0020,0.0796
35.0000,3.0929,4.1828,0.0665
36.0000,2.9171,3.9785,0.0692
37.0000,6.7134,13.5365,0.0941
38.0000,3.3705,4.5683,0.0697
39.0000,2.9866,5.0633,0.0787
40.0000,1.8663,2.1613,0.0777
41.0000,2.3193,2.8155,0.1817
42.0000,2.3816,2.7735,0.1863
43.0000,1.5686,1.9671,0.0948
44.0000,1.8533,2.2072,0.0959
45.0000,1.1612,1.5311,0.0681
46.0000,1.6324,2.4142,0.1324
47.0000,1.9356,2.2827,0.1084
48.0000,1.2909,1.5323,0.0880
49.0000,3.4527,3.5844,0.1098
50.0000,1.7720,2.3010,0.0730
51.0000,1.7663,2.0301,0.0562
52.0000,2.3816,2.7119,0.0643
53.0000,1.0893,1.2825,0.0513
54.0000,2.6645,3.2080,0.0918
55.0000,1.2251,1.6690,0.0554
56.0000,2.5790,3.0409,0.1250
57.0000,2.6611,3.0986,0.1187
58.0000,2.1887,2.4413,0.0612
59.0000,2.4978,2.9718,0.2055
60.0000,1.6156,1.8426,0.1378
61.0000,1.6151,2.0202,0.0952
62.0000,1.9492,2.1443,0.1086
63.0000,1.9201,2.2565,0.1000
64.0000,1.6600,1.9011,0.1231
65.0000,1.6186,1.9972,0.0890
66.0000,1.3326,1.5272,0.0756
67.0000,3.0607,4.0031,0.0899
68.0000,2.3088,2.9681,0.0759
69.0000,1.9120,2.3532,0.0626
70.0000,1.6537,1.9288,0.0648
71.0000,1.2426,1.4794,0.0538
72.0000,4.2831,7.6209,0.0975
73.0000,2.5672,3.5466,0.0619
74.0000,2.1292,2.9996,0.0585
75.0000,0.9544,1.1126,0.0379
76.0000,1.6080,2.0276,0.0890
77.0000,1.3963,1.5865,0.0930
78.0000,1.6538,1.9538,0.1113
79.0000,1.2530,1.4079,0.1150
80.0000,2.0741,2.5011,0.1404
81.0000,2.5965,2.7955,0.1201
82.0000,2.6976,3.5014,0.0793
83.0000,1.7921,2.2336,0.1121
84.0000,1.3900,1.8861,0.1103
85.0000,1.3937,1.6736,0.0883
86.0000,1.6754,2.2220,0.1292
87.0000,2.1434,2.4075,0.1543
88.0000,1.2503,1.5106,0.0811
89.0000,2.5827,3.1643,0.1501
90.0000,1.8982,2.2297,0.0880
91.0000,1.7686,2.2857,0.0923
92.0000,1.6871,1.9170,0.0748
93.0000,1.7734,2.0868,0.0951
94.0000,1.9543,2.3972,0.1561
95.0000,3.2458,4.0130,0.1256
96.0000,1.3268,1.5906,0.0527
97.0000,2.5744,3.1508,0.0697
98.0000,2.6767,3.1081,0.0701
99.0000,1.2102,1.7966,0.0366
100.0000,2.6105,4.0871,0.0604
101.0000,1.3220,1.7006,0.0683
102.0000,1.8392,2.4376,0.1017
103.0000,1.7025,2.0270,0.0981
104.0000,1.6752,1.9973,0.1410
105.0000,3.4581,4.0616,0.2940
106.0000,1.6298,2.4415,0.1310
107.0000,3.0027,3.3392,0.1286
108.0000,1.5551,1.9131,0.0767
109.0000,1.4189,1.6881,0.0691
110.0000,1.7554,2.0580,0.0890
111.0000,1.3793,2.5118,0.4993
112.0000,2.4088,2.7844,0.1280
113.0000,3.1568,4.0810,0.1582
114.0000,1.9026,2.6701,0.1532
115.0000,1.4357,1.9921,0.1171
116.0000,1.5120,2.0553,0.3965
117.0000,1.4962,2.0468,0.1053
118.0000,2.1412,2.5649,0.1353
119.0000,2.2247,2.7121,0.1188
120.0000,1.4460,1.9169,0.0947
121.0000,1.7393,2.5851,0.4915
122.0000,1.7831,2.1518,0.1155
123.0000,2.6708,3.2751,0.3773
124.0000,2.4694,2.9435,0.0807
125.0000,1.7367,2.2082,0.1149
126.0000,1.5287,1.9052,0.0946
127.0000,2.4411,2.9217,0.0799
128.0000,3.7918,4.4049,0.1027
129.0000,2.0639,3.2729,0.6393
130.0000,1.5318,2.3978,0.4320
131.0000,1.4977,1.8830,0.1787
132.0000,2.4770,3.0486,0.2392
133.0000,1.8633,2.4175,0.2264
134.0000,1.2351,1.5009,0.1795
135.0000,3.5046,5.9770,0.1217
136.0000,4.8975,6.0735,0.2125
137.0000,1.9532,2.3939,0.2634
138.0000,1.5955,2.0591,0.1586
139.0000,3.5276,4.1281,0.1739
140.0000,1.7894,2.1701,0.1738
141.0000,2.4215,3.0447,0.1531
142.0000,2.4558,3.1049,0.2368
143.0000,2.0922,2.9485,0.4897
144.0000,1.9923,2.4646,0.1548
145.0000,2.8217,3.4187,0.1453
146.0000,2.5471,3.3260,0.6215
147.0000,3.5036,4.2998,0.3846
148.0000,1.3932,1.9510,0.1539
149.0000,1.2033,1.5273,0.1089
150.0000,1.0640,1.6709,0.0652
151.0000,1.4107,1.6114,0.0849
152.0000,1.7458,2.0844,0.0866
153.0000,2.5910,3.5323,0.1320
154.0000,1.5187,1.9736,0.0770
155.0000,1.4956,1.8729,0.0823
156.0000,1.6489,1.9065,0.1053
157.0000,2.0851,3.3412,0.1414
158.0000,1.8470,2.4010,0.4849
159.0000,1.4996,2.2861,0.0966
160.0000,3.8047,4.7680,0.1994
161.0000,1.9300,2.1496,0.1596
162.0000,1.6488,2.3235,0.1966
163.0000,1.2663,1.6397,0.1357
164.0000,1.8217,2.4432,0.3455
165.0000,1.6504,2.0568,0.1460
166.0000,1.3861,1.6738,0.1013
167.0000,1.7031,2.1208,0.0915
168.0000,2.9347,3.7494,0.0999
169.0000,2.4319,3.1441,0.0979
170.0000,1.9350,2.4018,0.0959
171.0000,1.6850,2.3895,0.2818
172.0000,2.1365,2.8981,0.4201
173.0000,1.2645,1.6135,0.1014
174.0000,1.5585,2.0336,0.1008
175.0000,2.3789,2.7133,0.1097
176.0000,1.5834,1.9413,0.1171
177.0000,1.1129,1.4017,0.0867
178.0000,1.3450,2.0159,0.2216
179.0000,1.5704,1.9254,0.1161
180.0000,1.5432,1.8818,0.0934
181.0000,1.5373,1.8857,0.0903
182.0000,1.6361,2.2124,0.2031
183.0000,1.3353,1.7063,0.0950
184.0000,1.5722,1.9458,0.0711
185.0000,1.9725,2.4651,0.1219
186.0000,2.1607,2.9837,0.2331
187.0000,2.1305,2.5841,0.1667
188.0000,0.8188,1.0381,0.1006
189.0000,1.1100,1.3798,0.0864
190.0000,1.2937,1.7095,0.3144
191.0000,0.8566,1.1035,0.1420
192.0000,0.8015,1.1767,0.0804
193.0000,1.4517,1.8789,0.0987
194.0000,3.5312,3.9037,0.1667
195.0000,2.0376,2.4998,0.1562
196.0000,2.1254,3.0678,0.2446
197.0000,1.7081,2.1493,0.3432
198.0000,1.5986,2.1919,0.1218
199.0000,1.3618,1.6224,0.1334
200.0000,1.9150,2.3265,0.1628
201.0000,2.0598,2.5805,0.2211
202.0000,1.2799,1.4935,0.1517
203.0000,1.3921,1.7381,0.1500
204.0000,1.8566,2.3638,0.1399
205.0000,1.6523,2.3263,0.4522
206.0000,1.3185,1.6319,0.2499
207.0000,1.1038,1.4622,0.1288
208.0000,0.6898,0.8135,0.0983
209.0000,1.6010,2.1484,0.1790
210.0000,1.2114,1.7067,0.3606
211.0000,0.7878,1.0858,0.1248
212.0000,1.3893,2.0745,0.3135
213.0000,1.2284,1.5138,0.1334
214.0000,1.4850,2.1483,0.5580
215.0000,1.3636,1.9017,0.1344
216.0000,1.4009,1.8792,0.1324
217.0000,0.9593,1.3639,0.1667
218.0000,1.6848,1.9720,0.1399
219.0000,2.3688,2.7163,0.2362
220.0000,1.3322,1.8647,0.2149
221.0000,0.8948,1.1819,0.0852
222.0000,1.3626,1.5751,0.1374
223.0000,1.6310,2.0719,0.2578
224.0000,1.7238,2.1809,0.1697
225.0000,1.3218,1.6983,0.1196
226.0000,1.4105,1.8616,0.1257
227.0000,2.5154,3.7377,0.1486
228.0000,4.9464,6.3490,0.1986
229.0000,2.9001,3.4750,0.2591
230.0000,1.6340,1.9240,0.1823
231.0000,2.1121,2.6391,0.4235
232.0000,2.4682,2.8882,0.1172
233.0000,2.1976,2.5359,0.1096
234.0000,1.5817,1.8875,0.1908
235.0000,1.5300,1.9074,0.1068
236.0000,1.5465,2.0921,0.2129
237.0000,1.1616,1.3797,0.3159
238.0000,1.2702,1.7149,0.2684
239.0000,2.0492,2.6324,0.1590
240.0000,2.3207,2.7876,0.4228
241.0000,1.3953,1.7147,0.1054
242.0000,1.9244,2.2440,0.2205
243.0000,1.8576,2.4596,0.4579
244.0000,1.8706,2.3683,0.4653
245.0000,1.6405,2.2567,0.5608
246.0000,1.0840,1.4057,0.1645
247.0000,0.9146,1.2674,0.1251
248.0000,1.5531,2.0594,0.3027
249.0000,1.9594,2.7245,0.4465
250.0000,1.1771,1.6143,0.1590
251.0000,1.4338,1.8611,0.4223
252.0000,1.0458,1.4324,0.2336
253.0000,0.9849,1.4125,0.1218
254.0000,1.2581,1.8853,0.1722
255.0000,1.4423,1.9813,0.2006
256.0000,1.3348,1.8515,0.3322
257.0000,1.0295,1.4579,0.1306
258.0000,1.3401,1.7178,0.3868
259.0000,1.6039,2.0997,0.1977
260.0000,2.3627,2.8920,0.1649
261.0000,2.1166,2.7803,0.2807
262.0000,2.0682,2.9316,0.5986
263.0000,1.3079,1.7503,0.3308
264.0000,1.1371,1.5622,0.2918
265.0000,1.4607,2.0787,0.3442
266.0000,1.9193,2.2279,0.2113
267.0000,1.5266,2.2522,0.2330
268.0000,1.2902,1.7170,0.1312
269.0000,2.8396,3.4603,0.4383
270.0000,1.3498,1.5142,0.0965
271.0000,1.9915,2.2803,0.0992
272.0000,2.2299,2.7178,0.2285
273.0000,1.6188,1.8933,0.1870
274.0000,2.7389,3.6005,0.3313
275.0000,2.2479,2.7667,0.1963
276.0000,2.3157,3.0944,0.2109
277.0000,3.1156,3.5872,0.1450
278.0000,2.8523,3.2429,0.1567
279.0000,3.1717,3.8349,0.4527
280.0000,2.9989,5.8084,0.1572
281.0000,2.1103,4.0381,0.1838
282.0000,0.1249,0.1311,0.0312
283.0000,0.1489,0.1489,0.0372
284.0000,0.1489,0.1489,0.0372
285.0000,0.3815,0.7534,0.0566
286.0000,0.5363,0.8423,0.0643
287.0000,0.0427,0.0456,0.0043
288.0000,0.0206,0.0215,0.0020
289.0000,0.0049,0.0057,0.0005
290.0000,0.0187,0.0194,0.0017
291.0000,0.0346,0.0348,0.0031
292.0000,0.0475,0.0477,0.0041
293.0000,1.0857,1.9524,0.0457
294.0000,3.1474,3.4659,0.1891
295.0000,1.3875,2.0578,0.0605
296.0000,2.9915,3.2756,0.1538
297.0000,2.1425,2.8866,0.1257
298.0000,1.8262,2.2883,0.0967
299.0000,1.8069,2.1616,0.0853
300.0000,2.5745,2.9341,0.1054
301.0000,1.6183,2.1034,0.1241
302.0000,1.8922,2.2417,0.1762
303.0000,2.6780,3.0830,0.1075
304.0000,1.1340,1.4942,0.0675
305.0000,3.2911,4.3389,0.1080
306.0000,2.1873,2.9349,0.4449
307.0000,1.5578,1.8683,0.0835
308.0000,3.3334,3.3430,0.1062
309.0000,3.2266,4.0761,0.3999
310.0000,2.1202,2.7517,0.1593
311.0000,2.6520,3.2164,0.1506
312.0000,2.0531,2.6375,0.2519
313.0000,4.5910,5.1335,0.1128
314.0000,1.8797,2.3538,0.1198
315.0000,3.2047,3.6960,0.2430
316.0000,1.5883,1.8809,0.1156
317.0000,2.8592,4.3478,0.1004
318.0000,2.5342,2.8983,0.1306
319.0000,1.6480,2.0085,0.0695
320.0000,2.6674,3.1302,0.1562
321.0000,3.6732,4.0686,0.1322
322.0000,2.0315,2.6588,0.0740
323.0000,4.5663,10.1704,0.0997
324.0000,4.3088,5.7242,0.1188
325.0000,4.3721,7.8579,0.1262
326.0000,2.2950,3.4231,0.2034
327.0000,3.9450,4.2595,0.1100
328.0000,2.2001,3.2035,0.1204
329.0000,1.7453,2.1730,0.0813
330.0000,2.3218,2.5151,0.0921
331.0000,2.5415,3.1752,0.1641
332.0000,1.9900,2.2722,0.0999
333.0000,3.0957,3.7401,0.3791
334.0000,2.4305,2.8139,0.1936
335.0000,2.8452,3.2604,0.0942
336.0000,2.7930,3.0117,0.0733
337.0000,1.0233,1.2178,0.0343
338.0000,2.4649,2.6228,0.0660
339.0000,1.8614,2.1508,0.0672
340.0000,2.0640,2.6488,0.0585
341.0000,2.5776,2.8904,0.0828
342.0000,3.7536,5.3108,0.0723
343.0000,1.9787,2.5809,0.0617
344.0000,1.7045,2.3308,0.0827
345.0000,7.0839,11.4122,0.1108
346.0000,2.9766,3.7606,0.0643
347.0000,2.7392,3.7586,0.1742
348.0000,2.6178,2.9905,0.1209
349.0000,3.3992,4.8720,0.0822
350.0000,2.4790,2.9734,0.1127
351.0000,2.6318,3.2203,0.0714
352.0000,1.7355,2.1945,0.0687
353.0000,1.3536,1.5952,0.0508
354.0000,2.2721,2.3113,0.0703
355.0000,2.1140,2.5537,0.1305
356.0000,2.4257,2.7997,0.0820
357.0000,1.8816,2.4311,0.0846
358.0000,2.7297,3.1412,0.0830
359.0000,2.6929,3.3983,0.0778
360.0000,2.3732,2.7139,0.0674
361.0000,3.5673,4.4500,0.1045
362.0000,1.8816,2.6881,0.0997
363.0000,3.2094,5.4943,0.0847
364.0000,1.8969,2.4035,0.1713
365.0000,2.1034,2.7632,0.1674
